1.2709
1.0000
1.3124
0.9728
1.0666
1.2744
1.1612
1.3015
0.9966
1.2901
0.9765
1.2709
1.0276
0.9925
1.2549
0.9981
1.2899
1.3032
1.3071
0.9894
0.9835
1.3306
0.9967
0.9965
0.9829
0.9953
1.5673
1.3141
0.9721
1.2788
0.9708
0.9745
1.2634
0.9653
0.9849
0.9974
1.2924
1.2827
1.2803
1.2711
1.0381
0.9854
0.9660
0.9763
1.0549
0.9666
1.2810
0.9852
1.3396
0.9796
0.9835
0.9842
0.9684
1.2675
1.2669
1.2451
1.2001
1.2629
0.9814
1.2671
0.9629
0.9789
0.9690
0.9738
1.0010
0.9803
0.9718
0.9615
1.3014
1.3065
1.2933
1.3335
0.9922
0.9870
0.9937
1.3058
0.9753
0.9669
1.0071
1.0081
0.9822
0.9903
0.9980
0.9733
0.9992
0.9878
0.9739
1.0126
0.9805
1.0173
1.2686
0.9816
1.3055
1.2883
0.9985
0.9707
0.9956
0.9904
0.9860
1.2803
