0.9583
0.9839
1.2989
1.0260
1.0070
0.9950
1.2881
1.2974
1.0229
0.9827
0.9819
1.0947
0.9986
0.9599
0.9650
0.9683
0.9801
1.1677
1.3143
1.3045
0.9850
0.9951
0.9736
0.9758
1.3386
0.9880
0.9822
1.2702
1.0743
1.3966
0.9903
1.2783
0.9670
1.3050
0.9687
0.9730
0.9628
0.9558
0.9681
0.9660
0.9552
0.9644
0.9493
0.9620
1.3099
0.9672
0.9716
0.9652
1.2973
0.9750
0.9632
0.9742
0.9799
0.9698
1.0743
1.3871
0.9921
0.9952
0.9868
0.9798
0.9827
0.9972
0.9760
1.3068
0.9827
0.9810
0.9716
1.2707
0.9728
1.0040
0.9453
1.2928
0.9794
1.4366
1.2711
0.9855
0.9651
0.9737
0.9847
1.3107
0.9652
0.9875
0.9700
0.9958
0.9696
0.9697
0.9928
0.9858
0.9619
0.9759
1.2746
0.9608
0.9790
0.9889
0.9636
0.9738
0.9733
1.2481
0.9817
0.9488
